5.61151 1.32812 0.0933721 0.078125
5.51814 1.25 0.0933721 0.15625
5.51814 1.17188 0.0933721 0.078125
5.42477 1.25 0.0933721 0.078125
5.3314 1.25 0.0933721 0.078125
5.23802 1.25 0.0933721 0.078125
5.14465 1.25 0.0933721 0.078125
5.05128 1.25 0.0933721 0.078125
5.3314 1.09375 0.186744 0.15625
5.42477 1.01562 0.0933721 0.078125
5.3314 0.9375 0.0933721 0.15625
5.14465 0.9375 0.186744 0.3125
5.3314 0.859375 0.0933721 0.078125
5.23802 0.859375 0.0933721 0.078125
5.14465 0.859375 0.0933721 0.078125
4.77116 0.9375 0.373488 0.3125
5.05128 0.859375 0.0933721 0.078125
4.95791 0.78125 0.0933721 0.15625
4.77116 0.78125 0.186744 0.15625
4.67779 1.09375 0.0933721 0.15625
4.58442 1.09375 0.0933721 0.078125
4.58442 0.9375 0.186744 0.15625
4.49105 0.9375 0.0933721 0.15625
4.58442 0.78125 0.186744 0.15625
4.58442 0.703125 0.0933721 0.078125
4.49105 0.78125 0.0933721 0.15625
4.39768 0.78125 0.0933721 0.078125
4.49105 0.703125 0.0933721 0.078125
4.39768 0.703125 0.0933721 0.078125
