7.12596 1.17188 0.0512469 0.078125
7.07471 1.17188 0.0512469 0.078125
7.07471 1.13281 0.0466403 0.0390625
7.07471 1.09375 0.0466403 0.0390625
7.02347 1.17188 0.0512469 0.078125
6.97222 1.17188 0.0512469 0.078125
7.02347 1.09375 0.0512469 0.078125
6.97222 1.09375 0.0512469 0.078125
6.97222 1.01562 0.0937152 0.078125
6.97222 0.9375 0.0937152 0.078125
6.92097 1.17188 0.0512469 0.078125
6.86972 1.17188 0.0512469 0.078125
6.86972 1.09375 0.102494 0.078125
6.81848 1.17188 0.0512469 0.078125
6.76723 1.17188 0.0512469 0.078125
6.76723 1.09375 0.102494 0.078125
6.86972 1.01562 0.102494 0.078125
6.92097 0.9375 0.0512469 0.078125
6.86972 0.9375 0.0512469 0.078125
6.76723 1.01562 0.102494 0.078125
6.81848 0.9375 0.0512469 0.078125
6.76723 0.9375 0.0512469 0.078125
6.71598 1.17188 0.0512469 0.078125
6.66474 1.17188 0.0512469 0.078125
6.66474 1.09375 0.102494 0.078125
6.61432 1.21094 0.0504153 0.0390625
6.61432 1.17188 0.0504153 0.0390625
6.61349 1.09375 0.0512469 0.078125
6.56224 1.09375 0.0512469 0.078125
6.66474 1.01562 0.102494 0.078125
6.71598 0.9375 0.0512469 0.078125
6.66474 0.9375 0.0512469 0.078125
6.56224 1.01562 0.102494 0.078125
6.61349 0.9375 0.0512469 0.078125
6.56224 0.9375 0.0512469 0.078125
6.511 1.09375 0.0512469 0.078125
6.45975 1.09375 0.0512469 0.078125
6.4085 1.09375 0.0512469 0.078125
6.35726 1.09375 0.0512469 0.078125
6.45975 1.01562 0.102494 0.078125
6.511 0.9375 0.0512469 0.078125
6.45975 0.9375 0.0512469 0.078125
6.35726 1.01562 0.102494 0.078125
6.4085 0.9375 0.0512469 0.078125
6.35726 0.9375 0.0512469 0.078125
6.30034 1.09375 0.0569179 0.078125
6.24342 1.09375 0.0569179 0.078125
6.1865 1.09375 0.0569179 0.078125
6.12958 1.09375 0.0569179 0.078125
6.24342 1.01562 0.113836 0.078125
6.30034 0.9375 0.0569179 0.078125
6.24342 0.9375 0.0569179 0.078125
6.12958 1.01562 0.113836 0.078125
6.1865 0.9375 0.0569179 0.078125
6.12958 0.9375 0.0569179 0.078125
6.07267 1.09375 0.0569179 0.078125
6.01575 1.09375 0.0569179 0.078125
5.95883 1.09375 0.0569179 0.078125
5.90191 1.09375 0.0569179 0.078125
6.01575 1.01562 0.113836 0.078125
6.07267 0.9375 0.0569179 0.078125
6.01575 0.9375 0.0569179 0.078125
5.90191 1.01562 0.113836 0.078125
5.95883 0.9375 0.0569179 0.078125
5.90191 0.9375 0.0569179 0.078125
5.845 1.09375 0.0569179 0.078125
5.78808 1.09375 0.0569179 0.078125
5.73116 1.09375 0.0569179 0.078125
5.67424 1.09375 0.0569179 0.078125
5.78808 1.01562 0.113836 0.078125
5.845 0.9375 0.0569179 0.078125
5.78808 0.9375 0.0569179 0.078125
5.67424 1.01562 0.113836 0.078125
5.73116 0.9375 0.0569179 0.078125
5.67424 0.9375 0.0569179 0.078125
5.61732 1.09375 0.0569179 0.078125
5.56041 1.09375 0.0569179 0.078125
5.50349 1.09375 0.0569179 0.078125
5.44657 1.09375 0.0569179 0.078125
5.56041 1.01562 0.113836 0.078125
5.61732 0.9375 0.0569179 0.078125
5.56041 0.9375 0.0569179 0.078125
5.44657 1.01562 0.113836 0.078125
5.50349 0.9375 0.0569179 0.078125
5.44657 0.9375 0.0569179 0.078125
5.38965 1.09375 0.0569179 0.078125
5.33273 1.09375 0.0569179 0.078125
5.27582 1.09375 0.0569179 0.078125
5.2189 1.09375 0.0569179 0.078125
5.33273 1.01562 0.113836 0.078125
5.38965 0.9375 0.0569179 0.078125
5.33273 0.9375 0.0569179 0.078125
5.2189 1.01562 0.113836 0.078125
5.27582 0.9375 0.0569179 0.078125
5.2189 0.9375 0.0569179 0.078125
5.16198 1.09375 0.0569179 0.078125
5.10506 1.09375 0.0569179 0.078125
5.04815 1.09375 0.0569179 0.078125
4.99123 1.09375 0.0569179 0.078125
4.99123 0.9375 0.227671 0.15625
5.18602 0.859375 0.0649322 0.078125
5.12109 0.859375 0.0649322 0.078125
5.05616 0.859375 0.0649322 0.078125
4.99123 0.859375 0.0649322 0.078125
4.93431 1.09375 0.0569179 0.078125
4.87739 1.09375 0.0569179 0.078125
4.82047 1.09375 0.0569179 0.078125
4.76356 1.09375 0.0569179 0.078125
4.76356 0.9375 0.227671 0.15625
4.69055 1.09375 0.0730074 0.078125
4.61754 1.09375 0.0730074 0.078125
4.64972 0.9375 0.113836 0.15625
4.5928 1.01562 0.0569179 0.078125
4.53588 1.01562 0.0569179 0.078125
4.53588 0.9375 0.113836 0.078125
4.93431 0.859375 0.0569179 0.078125
4.87739 0.859375 0.0569179 0.078125
4.82047 0.859375 0.0569179 0.078125
4.76356 0.859375 0.0569179 0.078125
4.70664 0.859375 0.0569179 0.078125
4.64972 0.859375 0.0569179 0.078125
4.5928 0.859375 0.0569179 0.078125
4.53588 0.859375 0.0569179 0.078125
4.47897 1.01562 0.0569179 0.078125
4.42205 1.01562 0.0569179 0.078125
4.42205 0.9375 0.113836 0.078125
4.36513 1.01562 0.0569179 0.078125
4.30821 1.01562 0.0569179 0.078125
4.30821 0.9375 0.113836 0.078125
4.25129 1.01562 0.0569179 0.078125
4.19438 1.01562 0.0569179 0.078125
4.19438 0.9375 0.113836 0.078125
4.13746 1.01562 0.0569179 0.078125
4.08054 1.01562 0.0569179 0.078125
4.08054 0.9375 0.113836 0.078125
4.47897 0.859375 0.0569179 0.078125
4.42205 0.859375 0.0569179 0.078125
4.36513 0.859375 0.0569179 0.078125
4.30821 0.859375 0.0569179 0.078125
4.25129 0.859375 0.0569179 0.078125
4.19438 0.859375 0.0569179 0.078125
4.13746 0.859375 0.0569179 0.078125
4.08054 0.859375 0.0569179 0.078125
4.02362 1.01562 0.0569179 0.078125
3.96671 1.01562 0.0569179 0.078125
3.96671 0.9375 0.113836 0.078125
3.90979 1.01562 0.0569179 0.078125
3.85287 1.01562 0.0569179 0.078125
3.85287 0.9375 0.113836 0.078125
3.79595 1.01562 0.0569179 0.078125
3.73903 1.01562 0.0569179 0.078125
3.73903 0.9375 0.113836 0.078125
3.68212 1.01562 0.0569179 0.078125
3.6252 1.01562 0.0569179 0.078125
3.6252 0.9375 0.113836 0.078125
4.02362 0.859375 0.0569179 0.078125
3.96671 0.859375 0.0569179 0.078125
3.90979 0.859375 0.0569179 0.078125
3.85287 0.859375 0.0569179 0.078125
3.79595 0.859375 0.0569179 0.078125
3.73903 0.859375 0.0569179 0.078125
3.68212 0.859375 0.0569179 0.078125
3.6252 0.859375 0.0569179 0.078125
3.6252 0.820312 0.0405598 0.0390625
3.6252 0.78125 0.0405598 0.0390625
3.53325 1.01562 0.0919519 0.078125
3.53325 0.9375 0.0919519 0.078125
3.44129 1.01562 0.0919519 0.078125
3.44129 0.9375 0.0919519 0.078125
3.34934 1.01562 0.0919519 0.078125
3.34934 0.9375 0.0919519 0.078125
3.25739 1.01562 0.0919519 0.078125
3.25739 0.9375 0.0919519 0.078125
3.53325 0.859375 0.0919519 0.078125
3.53325 0.78125 0.0919519 0.078125
3.44129 0.859375 0.0919519 0.078125
3.44129 0.78125 0.0919519 0.078125
3.34934 0.859375 0.0919519 0.078125
3.34934 0.78125 0.0919519 0.078125
3.25739 0.859375 0.0919519 0.078125
3.25739 0.78125 0.0919519 0.078125
3.22356 1.05469 0.0338277 0.0390625
3.22356 1.01562 0.0338277 0.0390625
3.18837 0.9375 0.0690206 0.078125
3.11935 0.9375 0.0690206 0.078125
3.05033 0.9375 0.0690206 0.078125
2.98131 0.9375 0.0690206 0.078125
3.16544 0.859375 0.0919519 0.078125
3.16544 0.78125 0.0919519 0.078125
3.07349 0.859375 0.0919519 0.078125
3.07349 0.78125 0.0919519 0.078125
3.0158 0.859375 0.0576896 0.078125
2.95811 0.859375 0.0576896 0.078125
3.00429 0.78125 0.0691997 0.078125
2.93509 0.78125 0.0691997 0.078125
